# NAME | line waypoints, top to bottom, through the label's first and last letters (map px, the full image)
High Baldy Traverse | (238,352) (220,392) (198,447) (175,500) (163,535) (150,590) (148,612)
Center of Gravity | (148,612) (172,642) (227,700) (233,710) (245,730)
Thanks for the Memories | (172,522) (180,557) (260,642) (265,650) (278,672)
Fields of Glory | (207,447) (212,480) (228,512) (253,577) (253,587) (268,625)
Venus Line | (212,432) (235,457) (262,497) (265,508) (290,522)
Mid-Baldy Traverse | (322,470) (307,500) (305,515) (283,602) (283,640)
Upper Primrose Path | (495,372) (480,390) (475,405) (422,475) (413,505) (410,527)
Upper Silver Fox | (520,385) (507,415) (502,422) (460,487) (452,510) (452,532)
Great Scott | (590,385) (577,415) (575,422) (555,475) (545,500) (530,540)
Upper Cirque | (612,385) (602,432) (602,442) (575,497) (565,520) (555,545)
Middle Cirque | (662,482) (645,495) (640,500) (585,540) (550,565) (515,595)
Lower Cirque | (682,528) (645,545) (642,550) (585,580) (545,605) (518,628)
Cirque Traverse | (650,410) (657,435) (662,455) (690,523) (690,540)
Pucker Brush | (660,428) (707,467) (762,502) (767,507) (795,522)
Restaurant Roll | (690,540) (732,585) (780,645) (785,655) (800,672)
Hot Lips Gully | (448,525) (452,540) (470,620) (476,636)
Primrose Split | (405,505) (410,540) (420,577) (462,625) (472,640) (490,655)
Chip's Bypass | (400,527) (440,533) (472,540) (518,585) (522,598) (505,615) (470,627) (430,640) (405,655) (392,668)
Knucklehead Traverse | (905,377) (952,392) (1052,417) (1057,417) (1100,425) (1150,440)
Bonar's Pass | (978,418) (975,435) (962,495) (958,510) (948,545)
Bass Benches | (1055,432) (1050,445) (1007,490) (1003,505)
Goblin Gully | (860,440) (875,460) (917,502) (921,510) (940,545)
Upper Bassackwards | (1160,462) (1099,475) (1095,477) (1002,510) (975,525) (950,548)
Election | (1155,472) (1105,505) (1057,530) (1052,530) (1012,547) (985,557) (960,575)
Fields Cut-Off | (835,530) (860,552) (922,580) (935,590) (945,600)
Middle Bassackwards | (945,545) (945,557) (955,660) (955,680)
Bicarbonate Gully | (975,585) (975,590) (987,662) (990,680)
Black Forest | (965,575) (1000,590) (1035,602) (1095,622) (1100,625) (1122,640)
Organ Grinder | (1022,600) (1025,612) (1035,675) (1040,690)
S.T.H. | (1112,525) (1115,545) (1110,552) (1115,580) (1118,620) (1120,650)
Regulator Gully | (835,572) (847,585) (902,655) (912,672)
Roger's Run | (838,590) (847,602) (882,665) (890,680)
Shireen | (705,328) (713,348) (738,375) (742,380) (760,400)
Mark Malu Fork | (762,318) (770,335) (790,403) (795,410)
Red Lens Line | (1232,488) (1330,497) (1367,500) (1422,520) (1429,522) (1450,545) (1458,565)
High Saddle | (1458,565) (1460,572) (1500,615) (1507,620) (1525,642) (1537,680)
Upper Tiger Tail | (1262,496) (1282,510) (1305,575) (1310,595) (1318,615)
Middle Tiger Tail | (1318,615) (1325,625) (1350,680) (1360,700)
Low Saddle | (1298,610) (1340,622) (1387,637) (1420,675) (1430,700)
Bananas | (1215,478) (1242,507) (1265,547) (1267,552) (1285,595) (1290,625)
Gadzooks | (1180,525) (1200,545) (1230,572) (1235,580) (1250,605) (1265,630)
The Keyhole | (90,730) (130,735) (170,742) (210,782) (212,787) (222,800)
Keyhole Chute | (125,735) (135,747) (165,800) (167,802) (172,830)
Blackjack Traverse | (218,797) (185,830) (155,865) (150,872) (97,947) (78,975)
Hot Foot Gully | (372,722) (360,737) (357,742) (307,787) (295,800)
Middle Chip's Run | (402,690) (395,695) (310,732) (285,752) (245,778) (225,795) (250,806) (282,812) (290,840) (300,872)
Hubba Bubba | (350,722) (357,717) (397,707) (420,700)
Rothman Way | (300,875) (322,915) (338,940) (395,957) (450,952) (500,950) (540,962)
Jack Dog | (432,800) (415,815) (400,822) (375,840) (305,872)
Phone 3 Shot | (330,935) (315,950) (310,952) (282,970) (268,990)
Glen's | (545,680) (532,692) (507,705) (484,726)
Tower 3 | (552,712) (547,717) (542,725) (510,747) (495,760)
Dalton's Draw | (612,725) (610,740) (605,747) (590,812) (585,840)
Wilma's | (640,690) (700,777) (730,812) (732,815) (760,850)
Upper Mach Schnell | (610,700) (650,770) (677,832) (702,925) (705,930) (715,960)
Wilbere Bowl | (690,700) (735,755) (785,797) (787,800) (800,812)
Sneaky Pete | (928,770) (928,780) (930,785) (925,840) (922,880)
Jones Avenue | (960,770) (978,792) (1018,838) (1022,845) (1035,862)
Carbonate | (1090,780) (1105,795) (1138,830) (1140,832) (1160,845)
Gad Gully | (1112,750) (1127,767) (1152,800) (1157,808) (1168,825)
Upper Big Emma | (865,822) (875,835) (920,895) (920,898) (945,925)
Fluffy Bunny | (850,860) (845,868) (845,875) (830,930) (835,950) (843,968)
Blue Angel | (845,875) (857,890) (893,925) (897,927) (910,945)
Ted's Bowl | (1288,714) (1270,722) (1265,727) (1222,752) (1210,770)
Gad 2 Return | (1215,832) (1247,830) (1307,837) (1315,837) (1340,830) (1360,815)
Lower Tiger Tail | (1300,720) (1305,780) (1340,830) (1352,837) (1385,907) (1387,910) (1390,950) (1400,975)
Thunder Bowl | (1530,680) (1520,692) (1475,732) (1460,760) (1445,800)
Exit Gully | (1450,800) (1472,837) (1497,877) (1499,882) (1502,920) (1500,950)
Lower Bassackwards | (1237,852) (1237,867) (1202,940) (1190,958)
Easy Street | (1490,948) (1440,955) (1400,957) (1350,970) (1320,985)
Blackjack Gully | (258,975) (255,982) (250,1047) (248,1090) (255,1130) (262,1185)
Chip's Face | (322,978) (320,985) (305,1030) (302,1060) (315,1100)
Willows | (385,985) (385,995) (385,1035) (385,1045) (385,1075)
Chip's Run/Phone 3 Road | (250,1040) (262,1054) (365,1101) (369,1101) (395,1102)
Oh My God | (315,1100) (322,1127) (335,1172) (339,1177) (348,1200)
Lower Willows | (378,1100) (377,1112) (390,1180) (390,1187) (405,1210)
Who Dunnit | (245,982) (245,1050) (228,1090) (200,1110) (160,1130) (117,1157) (75,1190) (40,1225) (75,1240) (150,1238) (187,1240) (242,1242) (300,1250) (360,1265) (400,1280)
Lightning Tree Gully | (110,1030) (150,1080) (182,1130) (250,1195) (257,1197) (275,1230)
Who Cares | (80,1235) (107,1250) (147,1280) (153,1285) (200,1295)
Lower Primrose Path | (420,985) (425,1002) (460,1097) (462,1105) (480,1150) (492,1180)
Adager | (480,1005) (487,1027) (497,1062) (500,1067) (505,1100) (520,1140)
Lower Silver Fox | (530,1000) (540,1025) (565,1100) (567,1105) (575,1150) (585,1240)
Route 4 Gully | (612,1060) (615,1102) (632,1157) (636,1162) (640,1200)
Old Same Place | (630,990) (640,1020) (667,1087) (670,1092) (672,1150) (680,1170)
Lower Mach Schnell | (715,980) (720,995) (735,1090) (736,1097) (740,1130) (770,1170)
Harper's Ferry East | (800,1010) (795,1025) (772,1100) (770,1160) (785,1200)
Lower Chip's | (415,1110) (417,1145) (427,1200) (427,1202) (460,1218) (520,1230)
Creek Road | (680,1225) (720,1230) (772,1237) (780,1239) (830,1250)
Harper's Ferry | (838,990) (850,1017) (865,1077) (867,1090) (870,1130) (868,1175)
Wilbere Ridge | (880,1000) (940,1047) (990,1082) (994,1088) (1040,1120) (1060,1140)
Lower Emma | (1050,1050) (1075,1090) (1098,1112) (1140,1150) (1150,1153) (1165,1162)
Bryce's Run | (1080,1150) (1112,1167) (1160,1195) (1163,1203) (1200,1225)
Wilbere Cutoff | (1030,1145) (1022,1170) (1020,1190) (1012,1252) (1015,1275)
Cat Crew Cutoff | (1075,1160) (1077,1172) (1088,1185) (1070,1252) (1065,1280)
Miner's Road | (790,1225) (818,1212) (867,1195) (875,1182) (920,1170) (980,1160) (1030,1145)
Middle Emma | (960,925) (980,942) (1010,980) (1030,1005)
West 2nd South | (1280,1002) (1300,1022) (1352,1067) (1362,1077) (1385,1105)
Bluebell | (1355,990) (1372,1012) (1395,1052) (1402,1052) (1430,1085)
Alice Avenue | (1405,992) (1412,1015) (1450,1055) (1457,1062) (1490,1090)
Tiny Tiger | (1505,995) (1530,1040) (1552,1075) (1580,1115) (1588,1120) (1600,1140)
W. 2nd S. On-Ramp | (1215,1105) (1262,1105) (1350,1100) (1357,1102)
Madam Annie's | (1340,1100) (1347,1108) (1377,1180) (1378,1185) (1395,1210)
Mini Miners' Camp | (1370,1045) (1387,1070) (1412,1130) (1412,1137) (1430,1165) (1470,1185) (1497,1190) (1570,1212) (1580,1225)
W. 2nd Short | (1380,1100) (1385,1112) (1405,1162) (1400,1168) (1410,1195)
W. 2nd Long | (1505,1135) (1505,1143) (1505,1155) (1478,1182) (1465,1200)
Thunder Junction | (1500,1190) (1505,1200) (1560,1260) (1565,1266)
Tricep | (1250,935) (1255,960) (1260,990) (1268,1000) (1280,1020)
Elbow Proper | (1212,920) (1215,935) (1215,995) (1219,1000) (1230,1020)
Thunder Alley | (1700,1000) (1712,1052) (1725,1115) (1722,1127) (1730,1165)
Chickadee | (480,1360) (518,1342) (557,1322) (562,1318) (590,1310)
Chickadee Chutes | (500,1390) (530,1387) (602,1355) (604,1350) (615,1330)
Condo Bypass | (30,1328) (55,1335) (95,1345) (130,1350)
Cliff Access | (365,1280) (370,1300) (405,1320) (430,1335)
=Bass Highway | (765,1125) (800,1112) (852,1104) (900,1095) (935,1092) (955,1088) (962,1080) (958,1072) (945,1062) (935,1052) (930,1035) (926,1015) (922,995) (918,980)
=Come From Behind Gully | (1099,430) (1093,445) (1088,465) (1083,480) (1080,490)
=Hoop's | (938,410) (937,428) (942,455) (942,480) (944,505) (946,525)
=Lazy Susan | (1458,990) (1462,1002) (1468,1018) (1475,1035) (1478,1045) (1478,1060)
=Middle Men's | (307,737) (302,747) (296,762) (289,777) (282,792) (276,806)
=Old Ladies | (587,303) (610,318) (635,330) (655,340) (675,353) (695,368) (705,374) (722,386)
=Road to Provo | (568,300) (590,302) (620,304) (645,307) (680,313) (713,322) (722,323) (760,325) (800,325)
=Regulator Johnson | (548,340) (575,350) (600,360) (617,368) (640,382) (665,397) (690,413) (700,419) (722,432)
=The Fin | (1395,662) (1380,675) (1368,690) (1362,702) (1362,720) (1366,742) (1372,758) (1375,778)
=Upper Chip's Run | (505,295) (515,310) (518,325) (490,330) (450,330) (420,335) (412,345) (430,352) (465,358) (472,370) (465,382) (430,397) (395,412) (360,420) (330,432) (335,450) (352,462) (360,480) (362,505) (365,525) (378,535)
=Barry Barry Steep | (700,642) (710,660) (722,678) (730,690) (745,705) (760,722) (775,738) (790,752) (800,762)
=Binx's Bumper | (663,790) (680,808) (700,830) (718,846) (735,862) (750,885) (765,908) (775,925) (782,935)
=Westward Ho (from Alta) | (2,1197) (30,1200) (55,1203) (72,1205)
# NAME | line waypoints (Mineral Basin, the full image's px)
Path to Paradise | (520,1720) (480,1728) (448,1737) (445,1738) (352,1770) (300,1778) (250,1783) (210,1790)
Bookends Traverse | (205,1788) (180,1793) (175,1797) (132,1855) (135,1880) (145,1893)
Bookmark Gully | (145,1893) (177,1907) (230,1945) (236,1958) (262,1978)
The Endoras | (115,1912) (150,1945) (190,1985) (232,2015) (238,2022) (262,2040)
Richie's Run | (45,1987) (90,1990) (150,2002) (177,2020) (215,2058) (220,2064) (240,2085)
Altar Bowl | (150,2060) (175,2085) (198,2102) (237,2125) (243,2132) (260,2145)
Upper White Diamonds | (330,1778) (318,1800) (302,1824) (295,1822) (262,1880) (262,1910) (268,1920)
Lower White Diamonds | (268,1920) (300,1950) (340,1975) (357,1990) (400,2015) (420,2025)
Silver Dipper | (360,1775) (350,1820) (343,1870) (340,1882) (345,1940) (345,1945) (350,1985) (355,2000)
Blue By You | (455,1742) (462,1800) (472,1860) (485,1905) (488,1915) (520,1945) (540,1975) (545,2010)
Lone Star | (525,1725) (530,1780) (542,1860) (550,1900) (555,1905) (565,1935) (565,1960)
High Stakes | (603,1735) (602,1790) (597,1818) (603,1860) (604,1866) (608,1900) (615,1960)
Not Quite Corn | (690,1790) (680,1830) (670,1868) (675,1870) (667,1945) (645,1965) (630,1975)
Double Down | (757,1745) (745,1800) (755,1880) (757,1898) (757,1900) (732,1955) (720,1965)
Lupine Loop | (640,1835) (680,1845) (720,1865) (765,1868) (800,1868) (840,1868)
Chamonix Bowl | (890,1735) (885,1755) (892,1810) (890,1817) (895,1840) (900,1850)
Chamonix Chutes | (935,1745) (925,1765) (935,1830) (932,1842) (945,1855)
49er Gully | (845,1860) (852,1903) (862,1910) (865,1960) (855,1975) (850,1985)
Split Rock Gully | (985,1935) (980,1952) (980,1960) (950,2020) (945,2040)
Claim Jumper | (1015,1830) (1010,1850) (1040,1915) (1042,1922) (1045,1950)
Luckey Boy | (1150,1842) (1134,1867) (1130,1870) (1092,1915) (1070,1945)
Bird's Nest | (1200,1938) (1177,1946) (1172,1950) (1062,1966) (1040,1974)
Ski Patrol Gully | (1190,2030) (1185,2048) (1180,2055) (1130,2092) (1125,2100)
Alimony Chutes | (290,2175) (355,2220) (357,2230) (375,2245)
=Bassanova | (780,2175) (800,2172) (850,2160) (855,2158) (875,2152)
=Junior's Powder Paradise | (205,1782) (210,1800) (213,1830) (220,1860) (232,1885) (245,1902) (255,1925) (265,1950) (277,1975) (287,1997) (293,2010)
=Lupine Loop | (650,2108) (680,2108) (705,2118) (722,2135) (735,2148) (760,2157) (787,2158) (810,2150) (840,2128) (870,2110) (900,2090)
=Nash Flora Lode | (398,1790) (396,1810) (394,1830) (392,1850) (391,1880) (390,1915) (390,1928) (395,1950) (402,1975)
=Tail Feathers | (916,2122) (918,2150) (918,2175) (914,2195) (905,2210) (893,2225)
