# NAME | line waypoints, top to bottom, through the label's first and last letters (map px)
Rendezvous Bowl | (510,328) (492,375) (455,413)
Central Chute | (485,390) (448,397) (402,427) (392,440) (392,527) (395,562)
Wally World | (330,470) (327,498) (410,582) (420,605) (445,645)
Bivouac | (292,538) (325,567) (395,612) (425,630) (452,650)
Bird In The Hand | (612,503) (603,524) (480,612) (455,648)
Two in the Bush | (588,612) (568,636) (465,662) (455,664)
Rendezvous Trail | (335,448) (300,480) (280,565) (300,640) (362,682) (420,705) (450,712) (480,728) (515,760) (545,790) (580,815) (615,835) (650,850) (690,858) (740,862)
Hanging Rock | (650,350) (590,365) (478,430) (440,433)
Laramie Traverse | (450,440) (470,447) (615,502) (680,520) (745,527)
Dog Face | (642,345) (633,390) (617,467) (612,540)
East Ridge Traverse | (645,285) (725,432) (760,437) (808,436)
Corbet's Couloir | (675,283) (760,405) (770,410)
Tensleep | (820,432) (900,458) (930,462) (990,469)
Horn's Hole Traverse | (855,567) (895,598) (1035,582) (1075,590) (1100,600)
Laramie | (800,548) (757,590) (740,668) (732,760) (728,850)
Flip Point | (678,535) (715,622) (725,645) (730,670) (735,705)
Grand | (872,632) (862,657) (853,688) (850,695) (840,752) (836,775) (822,800) (805,812)
# Dog Face's line runs on down to Pepi's Run's label: split about midway (check)
Pepi's Run | (613,590) (625,665) (645,705) (642,727) (652,815) (662,845) (672,866)
Broadway | (955,472) (975,482) (992,497) (990,585) (995,600)
Downhill | (1003,472) (1005,488) (1013,553) (1012,588)
Snag Tree | (1052,480) (1060,500) (1062,577) (1065,590)
Pair-a-chutes | (1155,497) (1165,507) (1117,595) (1110,605)
Jerry's Way | (995,590) (1000,598) (1075,650) (1088,665)
Paint Brush | (985,622) (1040,700) (1060,730)
Tower Three Chute | (935,650) (1047,724) (1070,750)
Amphitheater | (1088,650) (1087,668) (1107,795) (1125,850) (1140,900) (1132,948)
Nez Perce Traverse | (1092,662) (1100,668) (1237,712) (1320,727) (1395,737)
Lupine Way | (1140,628) (1160,632) (1255,605) (1285,585) (1288,560)
Hoops Gap | (997,730) (1070,770) (1085,780)
Thunder | (1030,783) (1092,813) (1115,825)
Riverton Bowl | (912,725) (920,745) (985,845) (1003,855) (1020,875) (1035,895) (1055,912) (1065,930)
Gannett | (878,625) (884,670) (895,725) (892,760) (895,780) (930,850) (945,885) (958,915)
Lander Bowl | (965,930) (980,950) (1075,1042) (1088,1062)
Cascade | (1258,633) (1225,693) (1195,715) (1172,755) (1162,800)
Ranger | (1303,600) (1306,622) (1335,668) (1342,720) (1348,790) (1360,850)
Sundance (Upper) | (1343,615) (1347,625) (1408,733) (1410,780) (1407,822)
Casper Traverse | (1340,610) (1390,603) (1460,645) (1522,690) (1565,727)
Amphitheater Traverse | (1450,770) (1425,777) (1270,795) (1225,800) (1162,800)
Gros Ventre (Upper) | (1283,590) (1293,660) (1290,720) (1278,762) (1250,870) (1240,900)
Teton Traverse | (1162,805) (1215,835) (1262,862) (1370,890) (1460,905) (1550,920) (1640,935) (1715,968) (1830,1005) (1870,1015) (1940,1030)
Coombs | (1210,480) (1207,487) (1192,557) (1190,585) (1188,610)
Liar's Slide | (1625,640) (1560,698) (1565,725)
Camp Ground | (1513,727) (1505,760) (1520,868) (1523,880)
Easy Does It | (1580,725) (1575,745) (1557,835) (1552,870) (1552,905)
Croaky Point | (1440,778) (1437,800) (1530,897) (1545,915)
Sundog | (1662,728) (1640,765) (1614,800) (1587,872) (1580,895)
Wide Open | (1945,652) (1880,675) (1830,705) (1795,745) (1772,800) (1720,880) (1710,905)
Moran Traverse | (1690,752) (1750,765) (1795,775) (1915,808) (1940,815)
Kemmerer (Upper) | (1948,665) (1925,725) (1900,790) (1885,838) (1872,930) (1870,960)
Moran Woods | (1855,795) (1845,815) (1790,945)
Sleeping Indian | (1700,752) (1705,785) (1632,915) (1625,935)
Togwotee Pass Traverse | (2010,960) (1982,962) (1790,975) (1752,982)
Ashley Ridge (Upper) | (1720,895) (1710,935) (1700,960) (1693,990) (1685,1005) (1710,1095) (1717,1110)
Ashley Ridge (Lower) | (1712,1105) (1717,1128) (1785,1195) (1800,1212)
Kemmerer (Lower) | (1869,975) (1866,995) (1862,1015) (1852,1090) (1858,1120)
Solitude Gully | (1930,998) (1927,1002) (1865,1087) (1855,1092)
Beaver Tooth | (1642,1058) (1641,1085) (1665,1215) (1668,1240)
Werner | (1955,1092) (1925,1105) (1890,1122) (1868,1137) (1852,1147) (1805,1208) (1795,1240)
Crags Run | (1965,648) (2020,680) (2025,685) (2117,727) (2165,750) (2200,790) (2215,820)
Werner (Upper) | (2365,820) (2310,815) (2270,830) (2245,855) (2132,935) (2105,955)
Symmetry | (2360,815) (2345,822) (2275,852) (2262,860)
Easiest Way | (2290,858) (2312,880) (2300,910) (2280,932) (2240,948)
St. John's | (2372,830) (2372,870) (2367,890) (2307,965) (2290,985)
Moran | (2205,815) (2170,848) (2140,878) (2115,910) (2103,930) (2060,965) (2045,970)
Werner (Middle) | (2105,955) (2072,985) (2025,1043) (2003,1062) (1980,1078) (1955,1092)
Hanna (Upper) | (2022,1050) (2020,1062) (2000,1157) (1995,1185)
Hanna (Lower) | (1993,1202) (1960,1240) (1950,1255)
Teewinot (Upper) | (2140,935) (2122,970) (2105,1005) (2093,1035) (2083,1062) (2057,1147) (2045,1180)
Teewinot Gully | (2045,1180) (2035,1197) (1970,1268) (1962,1290)
Buck Run | (2225,1128) (2200,1132) (2130,1150) (2110,1160)
St. John's (lower) | (2225,1300) (2195,1320) (2112,1355) (2080,1370)
Saratoga Bowl Traverse | (2215,1312) (2305,1298) (2530,1210) (2575,1190) (2615,1168)
Pathfinder | (2445,890) (2520,905) (2590,935) (2683,995) (2700,1040) (2692,1090) (2662,1135) (2625,1165)
Crowheart | (2445,890) (2477,952) (2487,957) (2550,1043) (2541,1060)
Big Horn | (2380,1005) (2440,1045) (2463,1060) (2517,1137) (2530,1175) (2547,1200)
Dick's Ditch | (1188,978) (1185,995) (1175,1102) (1178,1130) (1180,1160)
Gros Ventre (Lower) | (1300,990) (1270,1045) (1238,1100) (1230,1112) (1230,1228) (1245,1300)
F.I.S. Cut | (1310,1110) (1298,1125) (1247,1190) (1240,1200)
Slalom | (1305,1045) (1310,1125) (1310,1172) (1318,1242) (1312,1300) (1305,1340)
Sundance | (1407,822) (1407,825) (1418,920) (1418,960)
Sundance (Lower) | (1418,960) (1418,990) (1415,1030) (1410,1060) (1405,1090) (1397,1130) (1393,1172) (1400,1330) (1405,1380)
Blacktail | (1500,990) (1488,1002) (1422,1065) (1405,1090)
Nez Perce | (1530,1022) (1512,1042) (1437,1105) (1420,1125)
Jackson Face | (1476,1075) (1476,1127) (1477,1252) (1468,1285) (1440,1305)
U.P. Connection | (1140,1232) (1155,1245) (1210,1320) (1262,1370) (1275,1385)
North Colter Ridge | (975,975) (980,1030) (992,1110) (1005,1295) (985,1318)
Tram Line | (1078,965) (1095,1085) (1105,1097) (1140,1185) (1155,1250)
Elk Alley | (1095,1090) (1087,1125) (1122,1215) (1142,1228)
Lower Sublette Ridge | (673,872) (684,920) (692,962) (695,1000) (685,1205) (692,1270) (700,1330)
Rawlin's Bowl | (740,865) (762,930) (775,960) (775,992) (792,1120) (810,1180) (840,1240) (847,1350)
South Colter Ridge | (812,965) (815,975) (885,1147) (888,1250) (890,1350)
Buffalo Bowl | (925,978) (930,1012) (972,1140) (970,1200) (948,1265) (930,1310) (930,1350)
Union Pass Traverse | (380,1278) (500,1297) (685,1325) (800,1340) (1000,1355)
Cheyenne Gully | (548,833) (595,975) (615,997)
Split Rock | (590,672) (525,722) (500,737) (480,745)
Avalanche | (1240,895) (1260,910) (1350,955) (1372,985)
South Pass Traverse | (745,855) (747,860) (937,905) (1040,945) (1150,957) (1340,980) (1450,990) (1600,1062) (1725,1075) (1840,1088) (1880,1150) (1950,1190) (2050,1230) (2197,1257) (2210,1262)
Surprise | (1500,877) (1500,903) (1482,968) (1477,985)
=Thunder | (910,722) (925,728) (940,735) (955,742) (968,748) (980,754) (992,760) (1003,767) (1015,774) (1030,783)
=Crowheart | (2541,1060) (2543,1080) (2545,1095) (2553,1120) (2565,1138) (2580,1152) (2597,1165) (2612,1170)
=Cowboy Couloir | (1318,1146) (1335,1150) (1352,1157) (1368,1165) (1388,1178)
